   0.0000000e+00   0.0000000e+00   0.0000000e+00   0.0000000e+00   6.4285714e+00   2.5000000e+01   0.0000000e+00   0.0000000e+00   0.0000000e+00   1.1428571e+01   1.5357143e+01   3.8928571e+01   0.0000000e+00   0.0000000e+00   0.0000000e+00   0.0000000e+00   0.0000000e+00   0.0000000e+00   0.0000000e+00   0.0000000e+00   0.0000000e+00   0.0000000e+00   0.0000000e+00   0.0000000e+00   0.0000000e+00   0.0000000e+00
   0.0000000e+00   1.0714286e+00   7.1428571e+00   1.4285714e+01   3.8571429e+01   4.6428571e+01   3.8571429e+01   3.6071429e+01   2.0000000e+01   5.0357143e+01   2.8928571e+01   4.1428571e+01   0.0000000e+00   0.0000000e+00   4.8384615e+01   0.0000000e+00   0.0000000e+00   0.0000000e+00   3.1000000e+01   0.0000000e+00   0.0000000e+00   4.8384615e+01   0.0000000e+00   0.0000000e+00   0.0000000e+00   3.1000000e+01
   3.9285714e+01   1.3571429e+01   0.0000000e+00   4.1428571e+01   3.3214286e+01   3.3214286e+01   1.2142857e+01   4.0000000e+01   5.8928571e+01   6.7142857e+01   2.0000000e+01   4.2142857e+01   9.4038462e+01   2.3846154e+01   0.0000000e+00   0.0000000e+00   0.0000000e+00   2.4615385e+01   5.4346154e+01   9.4038462e+01   2.3846154e+01   0.0000000e+00   0.0000000e+00   0.0000000e+00   2.4615385e+01   5.4346154e+01
   4.3571429e+01   2.4285714e+01   0.0000000e+00   2.5000000e+01   3.3928571e+01   2.7500000e+01   5.7142857e+00   3.2500000e+01   5.8571429e+01   6.5357143e+01   4.8214286e+01   5.3214286e+01   6.5384615e+01   0.0000000e+00   4.0384615e+01   1.4038462e+01   0.0000000e+00   1.1346154e+01   5.5769231e+01   6.5384615e+01   0.0000000e+00   4.0384615e+01   1.4038462e+01   0.0000000e+00   1.1346154e+01   5.5769231e+01
   2.5357143e+01   2.6428571e+01   2.3928571e+01   1.5714286e+01   2.2500000e+01   4.2500000e+01   3.5357143e+01   2.5357143e+01   6.6785714e+01   7.1785714e+01   4.7142857e+01   3.8928571e+01   0.0000000e+00   5.8846154e+00   3.7884615e+01   0.0000000e+00   3.7692308e+01   0.0000000e+00   5.9923077e+01   0.0000000e+00   5.8846154e+00   3.7884615e+01   0.0000000e+00   3.7692308e+01   0.0000000e+00   5.9923077e+01
   2.0714286e+01   3.2500000e+01   1.0000000e+01   1.5714286e+01   3.8571429e+01   3.5357143e+01   4.9642857e+01   3.5714286e-01   6.5357143e+01   5.5714286e+01   4.1071429e+01   4.4642857e+01   3.0769231e+01   0.0000000e+00   3.2115385e+01   3.3461538e+01   2.7500000e+01   5.0961538e+01   1.5076923e+01   3.0769231e+01   0.0000000e+00   3.2115385e+01   3.3461538e+01   2.7500000e+01   5.0961538e+01   1.5076923e+01
   3.8928571e+01   2.6428571e+01   2.6428571e+01   2.5714286e+01   4.9285714e+01   4.5714286e+01   4.7142857e+01   4.9285714e+01   7.9642857e+01   7.0714286e+01   5.6071429e+01   5.5000000e+01   7.8076923e+01   0.0000000e+00   4.5384615e+01   1.3692308e+01   6.2307692e+01   5.6538462e+01   5.3192308e+01   7.8076923e+01   0.0000000e+00   4.5384615e+01   1.3692308e+01   6.2307692e+01   5.6538462e+01   5.3192308e+01
   1.5357143e+01   3.2500000e+01   2.8928571e+01   2.9285714e+01   4.8214286e+01   3.5714286e+01   3.5714286e+01   5.5714286e+01   6.0714286e+01   6.3928571e+01   2.7142857e+01   5.5714286e+01   8.8846154e+01   4.3538462e+01   7.2692308e+01   6.8961538e+01   6.7346154e+01   7.6538462e+01   8.9807692e+01   8.8846154e+01   4.3538462e+01   7.2692308e+01   6.8961538e+01   6.7346154e+01   7.6538462e+01   8.9807692e+01
   3.7500000e+01   4.4642857e+01   4.6785714e+01   3.3214286e+01   3.7500000e+01   3.8571429e+01   2.1428571e+01   3.8214286e+01   6.1071429e+01   7.3571429e+01   6.2857143e+01   4.6428571e+01   4.4230769e+01   7.7884615e+00   9.0384615e+00   6.9423077e+01   4.9038462e+01   6.6730769e+01   8.8461538e+01   4.4230769e+01   7.7884615e+00   9.0384615e+00   6.9423077e+01   4.9038462e+01   6.6730769e+01   8.8461538e+01
   4.7857143e+01   5.2142857e+01   3.5000000e+01   3.6071429e+01   4.6428571e+01   3.6071429e+01   3.9285714e+01   3.9642857e+01   5.2857143e+01   7.2857143e+01   8.0000000e+01   4.9642857e+01   5.2500000e+01   1.4038462e+01   5.1153846e+01   5.6153846e+01   4.8846154e+01   7.9807692e+01   5.2307692e+01   5.2500000e+01   1.4038462e+01   5.1153846e+01   5.6153846e+01   4.8846154e+01   7.9807692e+01   5.2307692e+01
   5.2142857e+01   7.1785714e+01   1.9642857e+01   2.5357143e+01   5.5357143e+01   5.5357143e+01   4.2142857e+01   5.7500000e+01   6.7857143e+01   5.8928571e+01   6.8571429e+01   4.1428571e+01   7.5576923e+01   0.0000000e+00   7.4615385e+01   6.5153846e+01   8.2500000e+01   7.5192308e+01   8.0000000e+01   7.5576923e+01   0.0000000e+00   7.4615385e+01   6.5153846e+01   8.2500000e+01   7.5192308e+01   8.0000000e+01
   5.8928571e+01   7.1785714e+01   3.9285714e+01   2.6785714e+01   5.1428571e+01   5.6785714e+01   3.0000000e+01   6.2500000e+01   6.1071429e+01   7.2857143e+01   7.3928571e+01   5.1785714e+01   6.9807692e+01   3.4807692e+01   7.7038462e+01   2.7230769e+01   7.2807692e+01   0.0000000e+00   8.3076923e+01   6.9807692e+01   3.4807692e+01   7.7038462e+01   2.7230769e+01   7.2807692e+01   0.0000000e+00   8.3076923e+01
   4.8214286e+01   6.5357143e+01   4.2142857e+01   5.0000000e+01   6.6071429e+01   5.1071429e+01   4.5714286e+01   6.1428571e+01   5.7857143e+01   5.5357143e+01   6.2857143e+01   3.0000000e+01   7.4615385e+01   6.2307692e+01   7.9423077e+01   5.7692308e-01   3.7692308e+01   5.1192308e+01   9.0384615e+01   7.4615385e+01   6.2307692e+01   7.9423077e+01   5.7692308e-01   3.7692308e+01   5.1192308e+01   9.0384615e+01
   4.8571429e+01   7.3571429e+01   3.4285714e+01   4.3928571e+01   6.7142857e+01   5.1071429e+01   5.7500000e+01   7.1071429e+01   6.7500000e+01   7.3214286e+01   6.7857143e+01   5.1428571e+01   3.3076923e+01   2.9615385e+01   5.6769231e+01   1.5807692e+01   6.1538462e+01   5.2500000e+01   7.8307692e+01   3.3076923e+01   2.9615385e+01   5.6769231e+01   1.5807692e+01   6.1538462e+01   5.2500000e+01   7.8307692e+01
   4.4642857e+01   7.7500000e+01   4.6428571e+01   4.8928571e+01   6.5000000e+01   6.1071429e+01   6.0000000e+01   5.8928571e+01   7.0714286e+01   8.3571429e+01   7.4285714e+01   6.2857143e+01   5.4230769e+01   6.4615385e+01   8.0192308e+01   5.3653846e+01   5.1923077e+00   6.5961538e+01   8.6153846e+01   5.4230769e+01   6.4615385e+01   8.0192308e+01   5.3653846e+01   5.1923077e+00   6.5961538e+01   8.6153846e+01
   5.0000000e+01   7.7500000e+01   3.9642857e+01   4.3571429e+01   6.4285714e+01   3.9285714e+01   6.0357143e+01   7.2857143e+01   7.2500000e+01   8.8214286e+01   6.0357143e+01   5.3928571e+01   5.1538462e+01   4.4615385e+01   8.3269231e+01   8.2653846e+01   6.6692308e+01   7.9807692e+01   8.9423077e+01   5.1538462e+01   4.4615385e+01   8.3269231e+01   8.2653846e+01   6.6692308e+01   7.9807692e+01   8.9423077e+01
   4.0357143e+01   7.3571429e+01   6.5357143e+01   4.3928571e+01   7.3214286e+01   3.8571429e+01   4.8928571e+01   6.2142857e+01   5.9285714e+01   8.3214286e+01   7.2500000e+01   6.1428571e+01   6.1153846e+01   6.3096154e+01   7.2576923e+01   5.6538462e+01   9.2692308e+01   8.0192308e+01   7.5000000e+01   6.1153846e+01   6.3096154e+01   7.2576923e+01   5.6538462e+01   9.2692308e+01   8.0192308e+01   7.5000000e+01
   5.5357143e+01   7.7500000e+01   6.6785714e+01   3.0000000e+01   5.9285714e+01   4.7142857e+01   5.0000000e+01   4.9642857e+01   4.5714286e+01   7.2857143e+01   6.7500000e+01   6.1071429e+01   6.5384615e+01   8.0961538e+01   6.6461538e+01   6.1730769e+01   7.9038462e+01   8.9500000e+01   7.5576923e+01   6.5384615e+01   8.0961538e+01   6.6461538e+01   6.1730769e+01   7.9038462e+01   8.9500000e+01   7.5576923e+01
   5.8928571e+01   7.2142857e+01   6.0000000e+01   6.0000000e+01   4.9642857e+01   5.3928571e+01   3.3928571e+01   7.0357143e+01   7.7500000e+01   7.9642857e+01   7.5000000e+01   6.2500000e+01   8.6538462e+01   3.4038462e+01   9.3269231e+01   9.0769231e+01   8.2692308e+01   9.6538462e+01   7.7884615e+01   8.6538462e+01   3.4038462e+01   9.3269231e+01   9.0769231e+01   8.2692308e+01   9.6538462e+01   7.7884615e+01
   4.8928571e+01   8.2142857e+01   5.4642857e+01   6.7500000e+01   6.7857143e+01   3.6071429e+01   4.3928571e+01   5.4642857e+01   5.6428571e+01   8.3214286e+01   7.7500000e+01   7.0714286e+01   6.6923077e+01   5.7192308e+01   8.7884615e+01   4.4115385e+01   7.0769231e+01   7.9730769e+01   9.0500000e+01   6.6923077e+01   5.7192308e+01   8.7884615e+01   4.4115385e+01   7.0769231e+01   7.9730769e+01   9.0500000e+01
   5.1071429e+01   7.2857143e+01   7.2500000e+01   7.2500000e+01   5.6071429e+01   5.1428571e+01   5.8214286e+01   5.7500000e+01   6.8928571e+01   7.9285714e+01   7.5714286e+01   4.9285714e+01   5.4038462e+01   4.6692308e+01   7.4500000e+01   6.0230769e+01   7.5000000e+01   6.4230769e+01   9.8423077e+01   5.4038462e+01   4.6692308e+01   7.4500000e+01   6.0230769e+01   7.5000000e+01   6.4230769e+01   9.8423077e+01
   4.8214286e+01   8.2857143e+01   4.3214286e+01   7.2142857e+01   5.7142857e+01   5.7500000e+01   4.3571429e+01   5.1785714e+01   3.0714286e+01   7.7857143e+01   7.0714286e+01   6.2500000e+01   3.8269231e+01   8.8269231e+01   8.5615385e+01   3.2730769e+01   6.5730769e+01   7.2500000e+01   6.5038462e+01   3.8269231e+01   8.8269231e+01   8.5615385e+01   3.2730769e+01   6.5730769e+01   7.2500000e+01   6.5038462e+01
   5.0714286e+01   8.6428571e+01   6.1428571e+01   6.0000000e+01   6.4642857e+01   6.6071429e+01   5.6428571e+01   6.9642857e+01   5.9642857e+01   7.9285714e+01   7.7142857e+01   5.8571429e+01   7.9230769e+01   8.1538462e+01   8.5846154e+01   5.3346154e+01   3.0000000e+01   9.5192308e+01   1.0038462e+02   7.9230769e+01   8.1538462e+01   8.5846154e+01   5.3346154e+01   3.0000000e+01   9.5192308e+01   1.0038462e+02
   5.5714286e+01   7.2142857e+01   5.9642857e+01   6.7857143e+01   6.3571429e+01   4.7142857e+01   6.1071429e+01   4.3928571e+01   5.6785714e+01   7.4285714e+01   7.7500000e+01   5.5357143e+01   3.7884615e+01   7.0307692e+01   6.8846154e+01   5.3846154e+01   7.6538462e+01   8.6730769e+01   7.8442308e+01   3.7884615e+01   7.0307692e+01   6.8846154e+01   5.3846154e+01   7.6538462e+01   8.6730769e+01   7.8442308e+01
   6.0357143e+01   8.2142857e+01   5.5714286e+01   6.7142857e+01   7.0000000e+01   4.3928571e+01   6.1071429e+01   6.8571429e+01   6.2142857e+01   7.4285714e+01   8.4285714e+01   5.6071429e+01   6.4423077e+01   6.0769231e+01   8.4423077e+01   3.3500000e+01   6.5961538e+01   6.6730769e+01   7.7269231e+01   6.4423077e+01   6.0769231e+01   8.4423077e+01   3.3500000e+01   6.5961538e+01   6.6730769e+01   7.7269231e+01
   5.4642857e+01   7.2857143e+01   6.1785714e+01   7.0357143e+01   6.6071429e+01   6.0714286e+01   7.2142857e+01   6.0000000e+01   4.3214286e+01   8.0714286e+01   8.0714286e+01   6.2857143e+01   8.3461538e+01   8.6730769e+01   9.1153846e+01   8.8846154e+01   6.9038462e+01   6.7230769e+01   7.8269231e+01   8.3461538e+01   8.6730769e+01   9.1153846e+01   8.8846154e+01   6.9038462e+01   6.7230769e+01   7.8269231e+01
   5.3928571e+01   8.2857143e+01   6.6785714e+01   7.4285714e+01   5.9642857e+01   6.2142857e+01   5.5000000e+01   5.6785714e+01   6.4285714e+01   7.5714286e+01   8.3571429e+01   5.0357143e+01   7.5000000e+01   3.7615385e+01   9.5384615e+01   6.6923077e+01   8.9615385e+01   7.9692308e+01   7.3115385e+01   7.5000000e+01   3.7615385e+01   9.5384615e+01   6.6923077e+01   8.9615385e+01   7.9692308e+01   7.3115385e+01
   4.2500000e+01   7.4642857e+01   7.3214286e+01   6.4642857e+01   6.5000000e+01   6.1785714e+01   6.2500000e+01   5.1071429e+01   5.9285714e+01   7.7857143e+01   8.2142857e+01   6.6785714e+01   4.4807692e+01   5.9615385e+01   8.5153846e+01   7.9423077e+01   9.0769231e+01   8.5538462e+01   7.3230769e+01   4.4807692e+01   5.9615385e+01   8.5153846e+01   7.9423077e+01   9.0769231e+01   8.5538462e+01   7.3230769e+01
   5.6428571e+01   7.6071429e+01   6.6428571e+01   6.2857143e+01   6.4285714e+01   5.7142857e+01   6.4285714e+01   5.2857143e+01   5.6071429e+01   7.8214286e+01   8.0357143e+01   6.4642857e+01   5.4807692e+01   6.3653846e+01   8.5961538e+01   5.9692308e+01   9.1730769e+01   1.0384615e+01   8.1153846e+01   5.4807692e+01   6.3653846e+01   8.5961538e+01   5.9692308e+01   9.1730769e+01   1.0384615e+01   8.1153846e+01
   5.6428571e+01   8.8571429e+01   7.2857143e+01   5.8571429e+01   6.0000000e+01   6.0000000e+01   6.1071429e+01   6.7142857e+01   6.3928571e+01   8.3928571e+01   8.9642857e+01   5.8928571e+01   6.1346154e+01   8.1653846e+01   8.9807692e+01   7.1615385e+01   8.5961538e+01   7.5000000e+01   9.5115385e+01   6.1346154e+01   8.1653846e+01   8.9807692e+01   7.1615385e+01   8.5961538e+01   7.5000000e+01   9.5115385e+01
   5.6428571e+01   8.1785714e+01   7.0357143e+01   7.2142857e+01   7.4285714e+01   5.2142857e+01   6.3214286e+01   4.1071429e+01   6.2142857e+01   7.8571429e+01   7.6428571e+01   6.5357143e+01   7.4807692e+01   9.1923077e+01   7.7846154e+01   3.7500000e+01   8.9038462e+01   7.2153846e+01   9.5076923e+01   7.4807692e+01   9.1923077e+01   7.7846154e+01   3.7500000e+01   8.9038462e+01   7.2153846e+01   9.5076923e+01
   5.2857143e+01   8.3928571e+01   7.7500000e+01   5.8571429e+01   7.0000000e+01   6.1071429e+01   6.3214286e+01   3.6071429e+01   4.8928571e+01   6.7857143e+01   8.3571429e+01   5.2500000e+01   8.0384615e+01   7.8000000e+01   8.9615385e+01   7.4000000e+01   7.2307692e+01   5.9807692e+01   9.4653846e+01   8.0384615e+01   7.8000000e+01   8.9615385e+01   7.4000000e+01   7.2307692e+01   5.9807692e+01   9.4653846e+01
   6.2857143e+01   8.6785714e+01   7.7142857e+01   5.9642857e+01   6.6071429e+01   4.8571429e+01   6.9285714e+01   3.1428571e+01   5.2142857e+01   7.6785714e+01   8.0714286e+01   5.8214286e+01   7.9230769e+01   5.1076923e+01   7.4807692e+01   5.9038462e+01   8.4038462e+01   8.1538462e+01   9.2807692e+01   7.9230769e+01   5.1076923e+01   7.4807692e+01   5.9038462e+01   8.4038462e+01   8.1538462e+01   9.2807692e+01
   6.5000000e+01   8.7500000e+01   7.5714286e+01   7.5357143e+01   7.0714286e+01   5.3928571e+01   7.7142857e+01   6.4285714e+01   6.1428571e+01   7.6785714e+01   8.3571429e+01   7.0357143e+01   8.0384615e+01   8.4230769e+01   9.1346154e+01   9.5038462e+01   5.7923077e+01   8.4230769e+01   7.1076923e+01   8.0384615e+01   8.4230769e+01   9.1346154e+01   9.5038462e+01   5.7923077e+01   8.4230769e+01   7.1076923e+01
   7.3571429e+01   8.3214286e+01   7.5714286e+01   6.7142857e+01   6.9642857e+01   5.8214286e+01   6.7142857e+01   6.0000000e+01   6.8571429e+01   7.5714286e+01   8.3928571e+01   6.8571429e+01   8.6346154e+01   8.8307692e+01   7.9576923e+01   4.3846154e+01   8.9807692e+01   9.0269231e+01   9.2692308e+01   8.6346154e+01   8.8307692e+01   7.9576923e+01   4.3846154e+01   8.9807692e+01   9.0269231e+01   9.2692308e+01
   6.5714286e+01   8.1428571e+01   7.5000000e+01   7.1785714e+01   5.9642857e+01   6.2500000e+01   6.8571429e+01   4.9642857e+01   7.1785714e+01   7.2500000e+01   8.3214286e+01   7.3571429e+01   5.0769231e+01   8.1846154e+01   7.9038462e+01   4.4461538e+01   8.9346154e+01   7.1500000e+01   9.6615385e+01   5.0769231e+01   8.1846154e+01   7.9038462e+01   4.4461538e+01   8.9346154e+01   7.1500000e+01   9.6615385e+01
   6.5357143e+01   9.1785714e+01   7.4285714e+01   6.5357143e+01   6.2500000e+01   6.0357143e+01   6.1428571e+01   5.5000000e+01   6.3571429e+01   7.6071429e+01   8.3571429e+01   5.2857143e+01   8.5961538e+01   6.8653846e+01   8.8846154e+01   9.3461538e+01   8.9230769e+01   8.4076923e+01   7.6038462e+01   8.5961538e+01   6.8653846e+01   8.8846154e+01   9.3461538e+01   8.9230769e+01   8.4076923e+01   7.6038462e+01
   6.5714286e+01   8.3928571e+01   8.3928571e+01   7.1785714e+01   6.2500000e+01   5.9642857e+01   6.3928571e+01   6.9642857e+01   7.2500000e+01   7.9642857e+01   8.5714286e+01   6.3928571e+01   5.9807692e+01   9.4730769e+01   9.4038462e+01   6.2192308e+01   9.4307692e+01   9.7307692e+01   8.0807692e+01   5.9807692e+01   9.4730769e+01   9.4038462e+01   6.2192308e+01   9.4307692e+01   9.7307692e+01   8.0807692e+01
   6.1071429e+01   8.2857143e+01   7.6785714e+01   6.6071429e+01   6.8928571e+01   5.9642857e+01   7.2142857e+01   6.4285714e+01   7.1428571e+01   7.2857143e+01   8.4285714e+01   6.5000000e+01   8.8846154e+01   6.6230769e+01   8.7615385e+01   4.8384615e+01   8.5961538e+01   8.2884615e+01   6.4769231e+01   8.8846154e+01   6.6230769e+01   8.7615385e+01   4.8384615e+01   8.5961538e+01   8.2884615e+01   6.4769231e+01
   6.2500000e+01   8.3214286e+01   7.4642857e+01   4.3571429e+01   6.4285714e+01   6.7500000e+01   6.6071429e+01   5.3928571e+01   5.0714286e+01   7.6428571e+01   8.1785714e+01   6.5000000e+01   8.3653846e+01   8.4115385e+01   6.8269231e+01   3.5000000e+01   9.1423077e+01   9.4038462e+01   7.9615385e+01   8.3653846e+01   8.4115385e+01   6.8269231e+01   3.5000000e+01   9.1423077e+01   9.4038462e+01   7.9615385e+01
   6.0000000e+01   6.2500000e+01   6.4642857e+01   7.2142857e+01   6.8214286e+01   7.2500000e+01   7.0714286e+01   6.3928571e+01   6.8214286e+01   7.5714286e+01   8.0714286e+01   7.4642857e+01   7.6538462e+01   8.2307692e+01   4.4423077e+01   7.0000000e+01   6.4076923e+01   9.3653846e+01   9.3384615e+01   7.6538462e+01   8.2307692e+01   4.4423077e+01   7.0000000e+01   6.4076923e+01   9.3653846e+01   9.3384615e+01
   6.3214286e+01   7.7500000e+01   7.1785714e+01   7.6785714e+01   7.0357143e+01   6.9642857e+01   6.6785714e+01   6.1428571e+01   6.5000000e+01   6.7142857e+01   7.9285714e+01   7.0357143e+01   6.9615385e+01   8.4038462e+01   8.9038462e+01   8.6730769e+01   6.8653846e+01   6.7884615e+01   5.8153846e+01   6.9615385e+01   8.4038462e+01   8.9038462e+01   8.6730769e+01   6.8653846e+01   6.7884615e+01   5.8153846e+01
   6.6071429e+01   8.7857143e+01   6.7857143e+01   7.2142857e+01   6.8571429e+01   5.7500000e+01   6.8214286e+01   5.2500000e+01   6.6071429e+01   7.7500000e+01   8.2500000e+01   6.6428571e+01   8.2884615e+01   7.9653846e+01   9.5961538e+01   2.7192308e+01   7.2307692e+01   7.0192308e+01   9.1076923e+01   8.2884615e+01   7.9653846e+01   9.5961538e+01   2.7192308e+01   7.2307692e+01   7.0192308e+01   9.1076923e+01
   6.7857143e+01   8.5714286e+01   7.6428571e+01   5.6428571e+01   7.6428571e+01   5.7500000e+01   7.7321429e+01   6.3214286e+01   7.3571429e+01   7.2500000e+01   7.6071429e+01   7.6785714e+01   4.2307692e+01   9.0269231e+01   9.6730769e+01   8.5961538e+01   7.9038462e+01   7.4653846e+01   7.7538462e+01   4.2307692e+01   9.0269231e+01   9.6730769e+01   8.5961538e+01   7.9038462e+01   7.4653846e+01   7.7538462e+01
   6.4285714e+01   9.1428571e+01   7.9642857e+01   7.1071429e+01   7.2142857e+01   6.9285714e+01   5.0357143e+01   6.4642857e+01   6.7857143e+01   7.5000000e+01   8.1428571e+01   6.3928571e+01   2.2692308e+01   8.8000000e+01   9.5576923e+01   7.7115385e+01   8.1692308e+01   9.7153846e+01   9.8461538e+01   2.2692308e+01   8.8000000e+01   9.5576923e+01   7.7115385e+01   8.1692308e+01   9.7153846e+01   9.8461538e+01
   6.4642857e+01   8.5714286e+01   7.4642857e+01   7.5714286e+01   7.1071429e+01   6.5357143e+01   7.6428571e+01   6.5357143e+01   6.8928571e+01   7.2142857e+01   7.6785714e+01   7.0714286e+01   6.8846154e+01   8.1538462e+01   6.8846154e+01   4.9846154e+01   8.2115385e+01   9.2692308e+01   8.9653846e+01   6.8846154e+01   8.1538462e+01   6.8846154e+01   4.9846154e+01   8.2115385e+01   9.2692308e+01   8.9653846e+01
   6.5714286e+01   9.1428571e+01   7.5000000e+01   5.6428571e+01   7.3928571e+01   6.6071429e+01   6.8928571e+01   5.5714286e+01   6.8214286e+01   7.5000000e+01   8.2142857e+01   7.1785714e+01   8.9423077e+01   8.6923077e+01   8.0769231e+01   8.5769231e+01   9.0576923e+01   7.9615385e+01   1.0023077e+02   8.9423077e+01   8.6923077e+01   8.0769231e+01   8.5769231e+01   9.0576923e+01   7.9615385e+01   1.0023077e+02
   6.5357143e+01   8.1071429e+01   7.3571429e+01   7.1071429e+01   6.7500000e+01   6.6785714e+01   5.4642857e+01   5.8214286e+01   7.0714286e+01   7.3571429e+01   8.1785714e+01   6.7500000e+01   8.2884615e+01   9.1230769e+01   7.5576923e+01   7.1576923e+01   9.0769231e+01   9.4615385e+01   9.7769231e+01   8.2884615e+01   9.1230769e+01   7.5576923e+01   7.1576923e+01   9.0769231e+01   9.4615385e+01   9.7769231e+01
   7.1785714e+01   8.2142857e+01   7.1071429e+01   7.5714286e+01   7.0714286e+01   6.4285714e+01   7.5000000e+01   6.2857143e+01   6.3214286e+01   8.4285714e+01   7.9642857e+01   7.4642857e+01   6.6346154e+01   5.8269231e+01   9.9038462e+01   4.8461538e+01   7.3076923e+01   8.8846154e+01   9.7307692e+01   6.6346154e+01   5.8269231e+01   9.9038462e+01   4.8461538e+01   7.3076923e+01   8.8846154e+01   9.7307692e+01
   6.5714286e+01   8.8214286e+01   7.3928571e+01   6.5714286e+01   6.6071429e+01   6.8928571e+01   7.3571429e+01   4.8571429e+01   7.0357143e+01   7.6428571e+01   8.2857143e+01   7.4642857e+01   9.1923077e+01   8.4038462e+01   8.9038462e+01   6.5000000e+01   6.7153846e+01   9.1923077e+01   6.7730769e+01   9.1923077e+01   8.4038462e+01   8.9038462e+01   6.5000000e+01   6.7153846e+01   9.1923077e+01   6.7730769e+01
