   5.7000000e+01   6.5464286e+01   1.3095238e+01
   1.5000000e+01   8.3357143e+01   4.8809524e+00
   3.3000000e+01   7.2857143e+01   2.3809524e+00
   2.2000000e+01   6.9321429e+01   1.8571429e+01
   4.5000000e+01   7.0500000e+01   2.6071429e+01
   1.1400000e+02   6.6838017e+01   3.4880952e+01
   5.0000000e+01   6.2276433e+01   1.6904762e+01
   6.7000000e+01   5.9642857e+01   2.5357143e+01
   5.2000000e+01   6.8214286e+01   2.6309524e+01
   1.0000000e+01   7.4928571e+01   4.2976190e+01
   2.0000000e+01   8.0321429e+01   2.1428571e+01
   5.0000000e+01   7.1142857e+01   4.0833333e+01
   5.6000000e+01   8.3500000e+01   1.6128205e+01
   1.1400000e+02   6.6765385e+01   0.0000000e+00
   9.7000000e+01   7.6946154e+01   0.0000000e+00
   1.1400000e+02   8.5123077e+01   8.2051282e+00
   9.2000000e+01   8.7130769e+01   2.8448718e+01
